Car 0.00 0 0.00 0.00 0.00 3847.00 2167.00 2.61 2.00 4.74 2.84 0.66 14.48 1.54 0.89
Pedestrian 0.00 0 0.00 0.00 0.00 3847.00 2167.00 3.17 2.28 1.03 11.22 0.21 15.45 1.56 0.82
Cyclist 0.00 0 0.00 0.00 0.00 3847.00 2167.00 3.28 2.36 3.35 19.08 0.39 20.70 1.56 0.72
Car 0.00 0 0.00 0.00 0.00 3847.00 2167.00 2.58 2.16 5.02 0.83 0.27 23.35 0.44 0.72
Car 0.00 0 0.00 0.00 0.00 3847.00 2167.00 1.42 2.06 4.76 -1.26 -0.24 30.24 1.86 0.66
Pedestrian 0.00 0 0.00 0.00 0.00 3847.00 2167.00 1.59 1.56 0.82 -5.56 0.75 12.35 0.09 0.48
Car 0.00 0 0.00 0.00 0.00 3847.00 2167.00 1.75 2.38 1.82 -4.22 -0.09 34.05 1.66 0.46
Car 0.00 0 0.00 0.00 0.00 3847.00 2167.00 1.98 1.97 4.62 -6.58 0.32 18.69 0.37 0.36
Car 0.00 0 0.00 0.00 0.00 3847.00 2167.00 2.87 2.05 4.74 13.00 -0.68 26.56 0.55 0.32
Pedestrian 0.00 0 0.00 0.00 0.00 3847.00 2167.00 1.71 1.66 1.86 -8.65 0.99 14.55 1.98 0.32
