Car 0.00 0 0.00 0.00 0.00 3847.00 2167.00 2.61 2.00 4.74 2.64 0.66 12.28 1.54 0.89
Pedestrian 0.00 0 0.00 0.00 0.00 3847.00 2167.00 3.17 2.28 5.43 8.62 -0.29 11.95 1.56 0.82
Cyclist 0.00 0 0.00 0.00 0.00 3847.00 2167.00 3.28 2.36 5.65 11.78 -0.21 13.00 1.56 0.72
Car 0.00 0 0.00 0.00 0.00 3847.00 2167.00 2.58 2.16 5.02 0.33 -0.43 14.95 1.54 0.72
Car 0.00 0 0.00 0.00 0.00 3847.00 2167.00 2.12 2.06 4.76 -1.76 -0.74 13.74 0.66 0.66
Pedestrian 0.00 0 0.00 0.00 0.00 3847.00 2167.00 1.89 1.56 3.32 -5.56 0.55 10.15 0.09 0.48
Car 0.00 0 0.00 0.00 0.00 3847.00 2167.00 2.65 2.38 5.72 -0.82 -0.49 16.55 1.56 0.46
Pedestrian 0.00 0 0.00 0.00 0.00 3847.00 2167.00 3.05 2.13 5.09 13.24 -0.96 12.35 1.56 0.43
Car 0.00 0 0.00 0.00 0.00 3847.00 2167.00 1.98 1.97 4.62 -2.38 -0.78 12.79 0.67 0.36
Car 0.00 0 0.00 0.00 0.00 3847.00 2167.00 2.87 2.05 4.74 6.00 -0.98 11.36 1.55 0.32
Pedestrian 0.00 0 0.00 0.00 0.00 3847.00 2167.00 1.91 1.56 3.36 -5.45 0.19 9.35 0.08 0.32
