Car 0.00 0 0.00 0.00 0.00 3847.00 2167.00 2.73 1.99 4.67 5.10 1.86 11.03 1.55 0.92
Car 0.00 0 0.00 0.00 0.00 3847.00 2167.00 2.25 1.67 3.72 -3.58 1.41 9.88 0.09 0.77
Car 0.00 0 0.00 0.00 0.00 3847.00 2167.00 2.47 1.92 4.63 -0.02 -0.74 11.27 1.53 0.75
Car 0.00 0 0.00 0.00 0.00 3847.00 2167.00 2.21 1.77 4.10 1.50 -0.83 11.00 1.49 0.66
Pedestrian 0.00 0 0.00 0.00 0.00 3847.00 2167.00 2.63 1.93 4.45 -8.42 2.61 11.29 1.53 0.56
Car 0.00 0 0.00 0.00 0.00 3847.00 2167.00 3.13 2.27 5.40 3.18 -0.98 13.66 1.56 0.48
Pedestrian 0.00 0 0.00 0.00 0.00 3847.00 2167.00 2.74 1.95 4.58 -9.00 1.18 11.13 1.54 0.44
Car 0.00 0 0.00 0.00 0.00 3847.00 2167.00 2.75 2.06 5.01 11.09 -0.64 11.94 1.54 0.43
Pedestrian 0.00 0 0.00 0.00 0.00 3847.00 2167.00 2.53 1.88 4.31 -10.50 1.90 11.01 1.53 0.42
Pedestrian 0.00 0 0.00 0.00 0.00 3847.00 2167.00 2.59 1.91 4.39 -8.50 2.55 11.09 1.53 0.32
Pedestrian 0.00 0 0.00 0.00 0.00 3847.00 2167.00 2.81 2.02 4.76 -8.33 1.86 11.76 1.55 0.31
Car 0.00 0 0.00 0.00 0.00 3847.00 2167.00 2.38 1.87 4.47 12.24 -0.34 10.90 0.07 0.31
Car 0.00 0 0.00 0.00 0.00 3847.00 2167.00 3.09 2.25 5.36 3.11 -1.17 13.60 1.56 0.31
